0,1485205759988430976,1485205777753729104
1,1485205771930763959,1485205777961014032
2,1485205772166429042,1485205777961204051
3,1485205778050810098,1485205778291896104
4,1485205778782356023,1485205778934036016
5,1485205779017776966,1485205779234708070
6,1485205779121850967,1485205779253526926
7,1485205780565448045,1485205780583997964
8,1485205781087049007,1485205781106350898
9,1485205781666506052,1485205781688462018
10,1485205782825685024,1485205782848413944
11,1485205783943377971,1485205784002748966
12,1485205784469192028,1485205784515522956
13,1485205785338083982,1485205785381658077
14,1485205786053553104,1485205786132356882
15,1485205787266331911,1485205787296173095
16,1485205787978126049,1485205788015748977
17,1485205789564399003,1485205789602715015
18,1485205790001974105,1485205790205776929
19,1485205790766643047,1485205790884322881
20,1485205791026881933,1485205791239867925
21,1485205792122505903,1485205792157442092
22,1485205792260142087,1485205792311203002
23,1485205792895896911,1485205793028759956
24,1485205792996462106,1485205793202147960
25,1485205793526901006,1485205793585714101
26,1485205793678189992,1485205793767608880
27,1485205793777686119,1485205794203376054
28,1485205794127079963,1485205794204025983
29,1485205794546665906,1485205794585077047
30,1485205794594177961,1485205794629338026
31,1485205794906333923,1485205794950870037
32,1485205795464404106,1485205795486646890
33,1485205796814863920,1485205796863770961
34,1485205797333769083,1485205797381459951
35,1485205797517185926,1485205797566886901
36,1485205797907185077,1485205797984797000
37,1485205798077028989,1485205798189790010
38,1485205798238214015,1485205798291858911
39,1485205798473017930,1485205798532970905
40,1485205799474999904,1485205799516983985
41,1485205800116405963,1485205800147409915
42,1485205800181534051,1485205800229717016
43,1485205801870434045,1485205801928127050
44,1485205802381484985,1485205802511564970
45,1485205802633981943,1485205802747092962
46,1485205802879220008,1485205802984803915
47,1485205803987072944,1485205804736175060
48,1485205804996579885,1485205805082293987
49,1485205805179024934,1485205805274579048
50,1485205805363404989,1485205805498101949
51,1485205805559995889,1485205805695648908
52,1485205805716953992,1485205805759948968
53,1485205805982786893,1485205806108720064
54,1485205806632318019,1485205806670309066
55,1485205807930701971,1485205807994673013
56,1485205809000962972,1485205809050025939
57,1485205809074538946,1485205809107378959
58,1485205810925745964,1485205811069560050
59,1485205812511570930,1485205812558240890
60,1485205813042901039,1485205813188340902
61,1485205813234045982,1485205813292011976
62,1485205813714098930,1485205813763166904
63,1485205813856656074,1485205813907471895
64,1485205815387069940,1485205815424326896
65,1485205816662851095,1485205816722470998
66,1485205816735526084,1485205816810672998
67,1485205817077800989,1485205817246999025
68,1485205817467125892,1485205817559159994
69,1485205817651271104,1485205817678621053
70,1485205818166821002,1485205818209439039
71,1485205818418026924,1485205818523817062
72,1485205818472656011,1485205818559134960
73,1485205818618947982,1485205818705449104
74,1485205818721937894,1485205818839709043
75,1485205819784380912,1485205819955751895
76,1485205819877032041,1485205819959115028
77,1485205820482726097,1485205820578780889
78,1485205820840692996,1485205821254548072
79,1485205821068310976,1485205821279246091
80,1485205821587475061,1485205821689768075
81,1485205821720403909,1485205821869194030
82,1485205822626904010,1485205822707933902
83,1485205823486912965,1485205823694125890
84,1485205823530342102,1485205823839354991
85,1485205823744839906,1485205823905704021
86,1485205824161559104,1485205824192018985
87,1485205824516899108,1485205825149101972
88,1485205825657006978,1485205825706145048
89,1485205826245610952,1485205826306917905
90,1485205826929511070,1485205827100825071
91,1485205827346889019,1485205827411827087
92,1485205827625318050,1485205827693118095
93,1485205828106591939,1485205828169472932
94,1485205829318125009,1485205829436556100
95,1485205829551747083,1485205829637928962
96,1485205829715713977,1485205829790826082
97,1485205830238689899,1485205830292592048
98,1485205830310412883,1485205830509357929
99,1485205830462095022,1485205830828066110
100,1485205830557883977,1485205831038789987
101,1485205830631068944,1485205831514457941
102,1485205830820399999,1485205831515988111
103,1485205831456528902,1485205831522469997
104,1485205831540307044,1485205831688724994
105,1485205831647588968,1485205831768970012
106,1485205832396292924,1485205832483315944
107,1485205832797692060,1485205833097059965
108,1485205833756489038,1485205833858572006
109,1485205833818485975,1485205834014264106
110,1485205833895879030,1485205834256110906
111,1485205834084027051,1485205834397516965
112,1485205834518044948,1485205834565536022
113,1485205834878463029,1485205835020456075
114,1485205835412528038,1485205835659002065
115,1485205836188582897,1485205836242547035
116,1485205836440152883,1485205836488559961
117,1485205836884041070,1485205836944483041
118,1485205836977509021,1485205837056032896
119,1485205837118390083,1485205837223964929
120,1485205837238965988,1485205837289422035
121,1485205838047770977,1485205838084579944
122,1485205838205925941,1485205838330985069
123,1485205838346909999,1485205838460861921
124,1485205838546384096,1485205838603301048
125,1485205838762234926,1485205838889602899
126,1485205839122433900,1485205839191876888
127,1485205839676280975,1485205839899471044
128,1485205840013668060,1485205840161906003
129,1485205840742881059,1485205840861394882
130,1485205841150669097,1485205841304701089
131,1485205841266391992,1485205841389251947
132,1485205841408293008,1485205841683866024
133,1485205841579840898,1485205841820101976
134,1485205842019242048,1485205842062010049
135,1485205843382097005,1485205843521689891
136,1485205843698571920,1485205843746303081
137,1485205844181082963,1485205844225380897
138,1485205844270653009,1485205844383176088
139,1485205844501197099,1485205844597528934
140,1485205844727034091,1485205844778088092
141,1485205845009157896,1485205845059330940
142,1485205845383693933,1485205845489356994
143,1485205845736288070,1485205845789244890
144,1485205846651577949,1485205846707178115
145,1485205846821860074,1485205846873555898
146,1485205847387554883,1485205847434871912
147,1485205847503511905,1485205847720524072
148,1485205847799649953,1485205847871891021
149,1485205849026159048,1485205849195843935
150,1485205849167782068,1485205849268591880
151,1485205849352866888,1485205849425858974
152,1485205849805582046,1485205849913897037
153,1485205849989386081,1485205850032517910
154,1485205851147722005,1485205851190911054
155,1485205851552323102,1485205851622359991
156,1485205851818588018,1485205851910644054
157,1485205852281546115,1485205852350359916
158,1485205852652479887,1485205852757019042
159,1485205853835799932,1485205853914549112
160,1485205854254278898,1485205854303734064
161,1485205854359762907,1485205854537659883
162,1485205854468188047,1485205854563702106
163,1485205855015438079,1485205855149632930
164,1485205855134489059,1485205855245577096
165,1485205855304856061,1485205855546927928
166,1485205856238614082,1485205856277530908
167,1485205856498297929,1485205856564943075
168,1485205856885849952,1485205857410022020
169,1485205857309566020,1485205857413435935
170,1485205857557286977,1485205858475651979
171,1485205857731947898,1485205858488244056
172,1485205859035597085,1485205859061311006
173,1485205859321578025,1485205859378420114
174,1485205859378930091,1485205859531559944
175,1485205859828833103,1485205859879060029
176,1485205859892805099,1485205859994093894
177,1485205860246771097,1485205863201153993
178,1485205860729871988,1485205863202133893
179,1485205861868381977,1485205863222834110
180,1485205862139218091,1485205863224142074
181,1485205863202994108,1485205863226499080
182,1485205863448930025,1485205863554523944
183,1485205863584695100,1485205863683147907
184,1485205865010375022,1485205865142896890
185,1485205865558856964,1485205865597059011
186,1485205865673000097,1485205865776349067
187,1485205866106657028,1485205867272579908
188,1485205866774416923,1485205867280280113
189,1485205867257045030,1485205867288755893
190,1485205867319693088,1485205867357652902
191,1485205867427191972,1485205867862344026
192,1485205867428792953,1485205867862449884
193,1485205867863334894,1485205868143403053
194,1485205868121148109,1485205868154028892
195,1485205868122509956,1485205868161284923
196,1485205868127682924,1485205868178414106
197,1485205868442044973,1485205868474890947
198,1485205868730160951,1485205868786781072
199,1485205869339477062,1485205869366848945
200,1485205869777297973,1485205869844016075
201,1485205870002383947,1485205870065521001
202,1485205870793282032,1485205870859247922
203,1485205871587692022,1485205872029208898
204,1485205872345871925,1485205872400003910
205,1485205872576786041,1485205872645473957
206,1485205873092735052,1485205873211021900
207,1485205874512624979,1485205874549168109
208,1485205875872982978,1485205875940637111
209,1485205875956032037,1485205876083801984
210,1485205876163130998,1485205876227231025
211,1485205876443031072,1485205876518615007
212,1485205876943800926,1485205877011914014
213,1485205877705499887,1485205877809364080
214,1485205878015969038,1485205878071890115
215,1485205878272794961,1485205878291712045
216,1485205879241513967,1485205879296577930
217,1485205879986624002,1485205880018094062
218,1485205882006536960,1485205882054315090
219,1485205882304441928,1485205882393712997
220,1485205882533857107,1485205882571500062
221,1485205882774625062,1485205882843662023
222,1485205883023941040,1485205883066901922
223,1485205883266199111,1485205883409065961
224,1485205883530266046,1485205883628782033
225,1485205883718256950,1485205883770255088
226,1485205883936188936,1485205884017322063
227,1485205884246978998,1485205884352091073
228,1485205884741158008,1485205884812910079
229,1485205885914599895,1485205886160653114
230,1485205886157170057,1485205886288598060
231,1485205886740034103,1485205886849016904
232,1485205887379713058,1485205887428968906
233,1485205887453874111,1485205887562391042
234,1485205888241086006,1485205888346143960
235,1485205888376836061,1485205888417886018
236,1485205888530065059,1485205888654088973
237,1485205888694016933,1485205888822896957
238,1485205888956142902,1485205889018085002
239,1485205889851880073,1485205889896255970
240,1485205890032061100,1485205890123994112
241,1485205890238501071,1485205890304236888
242,1485205890420425891,1485205890482583045
243,1485205890633476018,1485205890673487901
244,1485205891649727106,1485205891725688934
245,1485205892360079050,1485205892404946088
246,1485205892635987043,1485205892693685054
247,1485205892891237974,1485205892978353977
248,1485205893088823080,1485205893138878107
249,1485205893189555883,1485205893334120035
250,1485205893360001087,1485205893474024057
251,1485205894156537055,1485205894294151067
252,1485205894676992893,1485205894726437091
253,1485205894767151117,1485205894912573099
254,1485205894970483064,1485205895104327917
255,1485205895029860019,1485205895194338083
256,1485205895238444089,1485205895559565067
257,1485205895362299919,1485205895773235082
258,1485205895521665096,1485205895930569887
259,1485205895685832023,1485205895993304014
260,1485205895873512029,1485205896104443073
261,1485205896410749912,1485205896463277101
262,1485205896600971937,1485205896687787055
263,1485205897664201021,1485205897710237979
264,1485205897979150056,1485205898025994062
265,1485205898376050949,1485205898647082090
266,1485205898842984914,1485205899029057979
267,1485205899399924039,1485205899439364910
268,1485205899521908044,1485205899600086927
269,1485205900522439956,1485205900643637895
270,1485205900683094024,1485205900843740940
271,1485205900856837987,1485205900888950109
272,1485205901122976064,1485205901168900012
273,1485205901361418008,1485205901433305978
274,1485205901541906118,1485205901612494945
275,1485205901727314949,1485205901807801961
276,1485205902039925098,1485205902132780075
277,1485205902172868967,1485205902235682010
278,1485205903051322937,1485205903157716989
279,1485205903538940906,1485205903719671010
280,1485205903938751935,1485205904032905101
281,1485205904156555891,1485205904260268926
282,1485205904338896036,1485205904388796091
283,1485205904529700994,1485205904591062068
284,1485205904737277984,1485205904825072050
285,1485205904850167989,1485205905272619962
286,1485205905286267042,1485205905321014881
287,1485205905468405961,1485205905511542081
288,1485205905680329084,1485205905843802928
289,1485205905910310029,1485205906071698904
290,1485205906343281030,1485205906437041997
291,1485205907178318023,1485205907275624990
292,1485205907464759111,1485205907541106939
293,1485205907566488027,1485205907835987091
294,1485205907649454116,1485205908074055910
295,1485205908108474969,1485205908144098997
296,1485205908277038097,1485205909012372970
297,1485205908450839996,1485205909391858100
298,1485205908622042894,1485205909609175920
299,1485205908837536096,1485205909631632089
300,1485205909150048017,1485205910268733978
301,1485205909267189979,1485205910268831968
302,1485205910238651037,1485205910421843051
303,1485205910495876073,1485205910643050909
304,1485205910923504114,1485205910987062931
305,1485205911225507020,1485205911325484037
306,1485205911299091100,1485205911528743982
307,1485205911372333049,1485205911696860074
308,1485205911576351881,1485205911855436086
309,1485205911763572931,1485205912404030084
310,1485205912364968061,1485205912526825904
311,1485205912795857906,1485205912943276882
312,1485205913149092912,1485205913240556955
313,1485205913259975910,1485205913569453001
314,1485205913570105075,1485205913584053039
315,1485205913874692916,1485205914038602113
316,1485205914014408111,1485205914139105081
317,1485205914122123956,1485205914300925016
318,1485205914312537908,1485205914689265012
319,1485205914557204961,1485205914857933044
320,1485205914675832033,1485205915026715040
321,1485205914923989057,1485205915190000057
322,1485205915086035013,1485205915399900913
323,1485205915264322042,1485205915684245109
324,1485205915434927940,1485205916007173061
325,1485205915611955881,1485205916211680889
326,1485205916559454917,1485205916589370012
327,1485205916823668003,1485205916977633953
328,1485205917282411098,1485205917305514097
329,1485205917648416996,1485205917677341938
330,1485205917741106986,1485205917973567008
331,1485205918150217056,1485205918198893070
332,1485205918919970989,1485205919066718101
333,1485205919177650928,1485205919232820034
334,1485205919732224941,1485205919895987033
335,1485205920139916896,1485205920346669912
336,1485205920573537111,1485205920683949947
337,1485205920822143077,1485205922016417026
338,1485205920907283067,1485205922271550893
339,1485205921046700954,1485205922282457113
340,1485205921229873895,1485205922911510944
341,1485205921397397041,1485205923094037055
342,1485205921502916097,1485205923197876930
343,1485205921685877084,1485205923506300926
344,1485205922389760017,1485205924592895984
345,1485205923054039001,1485205924593034029
346,1485205923172729969,1485205924593101024
347,1485205924175972938,1485205924593162059
348,1485205924264164924,1485205924595048904
349,1485205924593740940,1485205924708277940
350,1485205924709199905,1485205924929161071
351,1485205924883186101,1485205925247091054
352,1485205925073348045,1485205925407438039
353,1485205925315694093,1485205925712331056
354,1485205925508610963,1485205926000597953
355,1485205925720469951,1485205926994189977
356,1485205926244699001,1485205927698107957
357,1485205926606328964,1485205927698220968
358,1485205927653748035,1485205928022366046
359,1485205927753983974,1485205928199479103
360,1485205928023067951,1485205928257857084
361,1485205928165677070,1485205928329633951
362,1485205928492387056,1485205928659876108
363,1485205928824074983,1485205928859119892
364,1485205929250520944,1485205929340526103
365,1485205929450844049,1485205929490950107
366,1485205929616133928,1485205929795543909
367,1485205929822304964,1485205930112394094
368,1485205930005631923,1485205930476697921
369,1485205930212992906,1485205930827100992
370,1485205930952394962,1485205931256958961
371,1485205931552424907,1485205931635899066
372,1485205931698419094,1485205931827260971
373,1485205931901211023,1485205932057315111
374,1485205932102982044,1485205932434165954
375,1485205932281590938,1485205932812330961
376,1485205932462543964,1485205933307872056
377,1485205932977101087,1485205933487451076
378,1485205933144886016,1485205933719757080
379,1485205933415805101,1485205933928787946
380,1485205933594969034,1485205934196856975
381,1485205933771337985,1485205934391690969
382,1485205933988552093,1485205934623230934
383,1485205934166440963,1485205935284991979
384,1485205934363346099,1485205935286144018
385,1485205934802983999,1485205935286237001
386,1485205935880425930,1485205936085757017
387,1485205936676565885,1485205937074486017
388,1485205936855108022,1485205937294684886
389,1485205937013031959,1485205937608495950
390,1485205937178363084,1485205937801137924
391,1485205937347565889,1485205938353382110
392,1485205937558607101,1485205938736823081
393,1485205937736300945,1485205938792148113
394,1485205938438580989,1485205939036973953
395,1485205938607688903,1485205939302402973
396,1485205938819830894,1485205939548120975
397,1485205938990101099,1485205939758093118
398,1485205939156455993,1485205940063538074
399,1485205939319154977,1485205940308382987
400,1485205939479921102,1485205940587536096
401,1485205939642043113,1485205940820163011
402,1485205939807971954,1485205941198390007
403,1485205939963546991,1485205941504520893
404,1485205940171313047,1485205941707056999
405,1485205940380688905,1485205942491553068
406,1485205941106714010,1485205943669953107
407,1485205941226392030,1485205943688738107
408,1485205941309258937,1485205943707891941
409,1485205941397313117,1485205943919435977
410,1485205941557881116,1485205943950411081
411,1485205941740487098,1485205943986614942
412,1485205941914817094,1485205944007682085
413,1485205942077339887,1485205944254430055
414,1485205942231610059,1485205944762336015
415,1485205942399676084,1485205945289526939
416,1485205942639321088,1485205945588334083
417,1485205942840857028,1485205945879517078
418,1485205943034651041,1485205946392851114
419,1485205943218873977,1485205946576421976
420,1485205943414249897,1485205946762614965
421,1485205944403856992,1485205946890182971
422,1485205945950647115,1485205947073153972
423,1485205946185272932,1485205947159709930
424,1485205946356445074,1485205947374037027
425,1485205946526596069,1485205947479052066
426,1485205946721097946,1485205947778592109
427,1485205946971050977,1485205947827009916
428,1485205947198282957,1485205948244599103
429,1485205947413372993,1485205948663994073
430,1485205947702776908,1485205948884438991
431,1485205947847984075,1485205949177628993
432,1485205948117531061,1485205949450963020
433,1485205948342520952,1485205949745846033
434,1485205948519310951,1485205950063970088
435,1485205948710073947,1485205950377748012
436,1485205948961740016,1485205950856178045
437,1485205949132404088,1485205951107816934
438,1485205949310117006,1485205951138171911
439,1485205949489342927,1485205951540369987
440,1485205949663316965,1485205951788460969
441,1485205950009083032,1485205952520405054
442,1485205951129118919,1485205953029190063
443,1485205951243772029,1485205953192441940
444,1485205951528918981,1485205953382926940
445,1485205951766480922,1485205953476399898
446,1485205952111555099,1485205953668693065
447,1485205952573872089,1485205953781233072
448,1485205953620131015,1485205954599498033
449,1485205953758433103,1485205954811805963
450,1485205953941967010,1485205955246670007
451,1485205954120074987,1485205955337850093
452,1485205954330925941,1485205955566965103
453,1485205954522458076,1485205955646060943
454,1485205954738380908,1485205955864188909
455,1485205955670443058,1485205956048089981
456,1485205956455868005,1485205956676311969
457,1485205956643086910,1485205956893829107
458,1485205956853857994,1485205957129930973
459,1485205957043030977,1485205957529278993
460,1485205957214606046,1485205958280770063
461,1485205957400757074,1485205958336442947
462,1485205957578893899,1485205958812758922
463,1485205958009735107,1485205959200006961
464,1485205958093199968,1485205959449356079
465,1485205958188369035,1485205959705018043
466,1485205958301965951,1485205959825026035
467,1485205958817444086,1485205960028279066
468,1485205959072942972,1485205960115521907
469,1485205959337690114,1485205960235688924
470,1485205959401200056,1485205960301671028
471,1485205961122508049,1485205961400962114
472,1485205961358949899,1485205961712934970
473,1485205961460675954,1485205962004640102
474,1485205961621442079,1485205962276269912
475,1485205961829060077,1485205963049349069
476,1485205962025599002,1485205964540390968
477,1485205962224678993,1485205964846945047
478,1485205962501821041,1485205965280349016
479,1485205962970555067,1485205965382462024
480,1485205963085529088,1485205965612142086
481,1485205963231121063,1485205965702410936
482,1485205963386379003,1485205965954941034
483,1485205963579515933,1485205966034384965
484,1485205963836052894,1485205966239670038
485,1485205964438500881,1485205966394891977
486,1485205965403304100,1485205966703304052
487,1485205965616923093,1485205966892265081
488,1485205965744672060,1485205967100162029
489,1485205965868978977,1485205967156698942
490,1485205965921107053,1485205967442701101
491,1485205966091234922,1485205968244431972
492,1485205966283005952,1485205968343319892
493,1485205966497040033,1485205968512566089
494,1485205966846610069,1485205969043350934
495,1485205967036796092,1485205969134829998
496,1485205967296180009,1485205969411431074
497,1485205967948506116,1485205969530221939
498,1485205968045927047,1485205969786870002
499,1485205968128918886,1485205970383583068
500,1485205968297714948,1485205970634665966
501,1485205968440984964,1485205970963537931
502,1485205968606985092,1485205971269422054
503,1485205968759974956,1485205971270140886
504,1485205969356971979,1485205971587093114
505,1485205969953624963,1485205971967669010
506,1485205970048799037,1485205972261692047
507,1485205970856872081,1485205972347361087
508,1485205971058043956,1485205972639667987
509,1485205971228065967,1485205972856895923
510,1485205971384339094,1485205975975923061
511,1485205971616377115,1485205975976150035
512,1485205971832339048,1485205976075952053
513,1485205972027029037,1485205976076062917
514,1485205972223455905,1485205976076119899
515,1485205972405061960,1485205977257226943
516,1485205972602077960,1485205977257344007
517,1485205972803116083,1485205977400271892
518,1485205973048495054,1485205977541300058
519,1485205973257888078,1485205978144479036
520,1485205973463740110,1485205978534001111
521,1485205974263556003,1485205978757344007
522,1485205974467626094,1485205979554615020
523,1485205974651314973,1485205979760037899
524,1485205975220894098,1485205980599808931
525,1485205975341170072,1485205980983519077
526,1485205975524228096,1485205981181013107
527,1485205975732080936,1485205981564620018
528,1485205976033829927,1485205983291050910
529,1485205976268969058,1485205983291207075
530,1485205976445533037,1485205983291269063
531,1485205976620753049,1485205983291326999
532,1485205976886326074,1485205983291380882
533,1485205977215725898,1485205983291438102
534,1485205979248157024,1485205983291491985
535,1485205979901900053,1485205984322966098
536,1485205980131874084,1485205984442442893
537,1485205980338685989,1485205984610954046
538,1485205980518784999,1485205984762867927
539,1485205980712140083,1485205985014498949
540,1485205980898520946,1485205985520004987
541,1485205981100255012,1485205985521522998
542,1485205981291750907,1485205985521784067
543,1485205981565329074,1485205986278017997
544,1485205981718449115,1485205986514280080
545,1485205981906939983,1485205995558792114
546,1485205982123224020,1485205995558938980
547,1485205982334192037,1485205995559005975
548,1485205982874047040,1485205995559065103
549,1485205983529756069,1485205995559135913
550,1485205983805591106,1485205995582201957
551,1485205983963287115,1485205996504880905
552,1485205984439955949,1485205996573257923
553,1485205984597624063,1485205996853688955
554,1485205984742368936,1485205998081171989
555,1485205984888073921,1485205998327004909
556,1485205985049602985,1485205998431565046
557,1485205985219306945,1485205998541026115
558,1485205985585796117,1485205998756454944
559,1485205985977914094,1485205999508536100
560,1485205986133431911,1485205999616061925
561,1485205986300277948,1485205999802911043
562,1485205986463958024,1485206000086344003
563,1485205986625015020,1485206000298523902
564,1485205986780874013,1485206000447756052
565,1485205986945941925,1485206000880590915
566,1485205987098121881,1485206001238339900
567,1485205987299835920,1485206001503113031
568,1485205987882375001,1485206001668452978
569,1485205988053698062,1485206002511204957
570,1485205988205090045,1485206003407536029
571,1485205988381056070,1485206003611706018
572,1485205989206872940,1485206004991435050
573,1485205989881092071,1485206005160192966
574,1485205990461144924,1485206005742876052
575,1485205990609708070,1485206006056312084
576,1485205990721199989,1485206006752767086
577,1485205991517807006,1485206007090066909
578,1485205991806603908,1485206008453655004
579,1485205991952462911,1485206009006016016
580,1485205992121310949,1485206009165395021
581,1485205993343756914,1485206009222477912
582,1485205993773246049,1485206009342395067
583,1485205993916435003,1485206009385691881
584,1485205994096637964,1485206009494122028
585,1485205994277535915,1485206009517916917
586,1485205994439737081,1485206009536521911
587,1485205994775733947,1485206009565422058
588,1485205994925431966,1485206009579530000
589,1485205995217462062,1485206009594633102
590,1485205995559875011,1485206011109740018
591,1485205996463265895,1485206013973330020
592,1485205996722665071,1485206013973463058
593,1485205997314454078,1485206013973527908
594,1485205997467892885,1485206013973589897
595,1485205997922066926,1485206013973650932
596,1485205998909761905,1485206013973710060
597,1485205999047890901,1485206013973772048
598,1485205999247390985,1485206014231992006
599,1485205999442596912,1485206014438231945
600,1485205999647612094,1485206016320046901
601,1485205999839998006,1485206016320544958
602,1485206000063544988,1485206016320616960
603,1485206000260081052,1485206016320678949
604,1485206000464036941,1485206016337789058
605,1485206000621742963,1485206016337898015
606,1485206000777514934,1485206016337961912
607,1485206000937300920,1485206016338021039
608,1485206001113048076,1485206016338078975
609,1485206001479032039,1485206016338135957
610,1485206001669008016,1485206016338192939
611,1485206001769254922,1485206016338249921
612,1485206002050466060,1485206016338413000
613,1485206002200292110,1485206016338485956
614,1485206002939663887,1485206016388205051
615,1485206003257565975,1485206016544217109
616,1485206003640043020,1485206016595073938
617,1485206003807391881,1485206016643134117
618,1485206003966020107,1485206016669004917
619,1485206004427320003,1485206016678083896
620,1485206005009438037,1485206016789913892
621,1485206005856940984,1485206016829366922
622,1485206006071605920,1485206016909989118
623,1485206006482454061,1485206016974153995
624,1485206006562658071,1485206017037925004
625,1485206006620178937,1485206019089550018
626,1485206006695776939,1485206019089680910
627,1485206006864118099,1485206019089740037
628,1485206007539709091,1485206019089795112
629,1485206007750309944,1485206019089852094
630,1485206008311351060,1485206019995055913
631,1485206008516319036,1485206020191282033
632,1485206008724695920,1485206020403810024
633,1485206008949861049,1485206020523437023
634,1485206009245861053,1485206020659954071
635,1485206009533716917,1485206020737533092
636,1485206010030705928,1485206020803690910
637,1485206010228666067,1485206021350347995
638,1485206010538685083,1485206021780194044
639,1485206012177670955,1485206021873795986
640,1485206012303026914,1485206022330090999
641,1485206012515017986,1485206022494563102
642,1485206013085679054,1485206023356863021
643,1485206013359997034,1485206023857352018
644,1485206014087498903,1485206025138098955
645,1485206014143713951,1485206026163310050
646,1485206014352093935,1485206026564554929
647,1485206014588079929,1485206027390362977
648,1485206014810884952,1485206027560321092
649,1485206015215662956,1485206027604872941
650,1485206016340046882,1485206027675909042
651,1485206016439919948,1485206029343883991
652,1485206016752320051,1485206030148066043
653,1485206016910780906,1485206030326534032
654,1485206017099438905,1485206030437764883
655,1485206017207492113,1485206030695408105
656,1485206017408601999,1485206030767052888
657,1485206017586196899,1485206034447210073
658,1485206019150167942,1485206034450349092
659,1485206019298172950,1485206034450459957
660,1485206019542098045,1485206034450517892
661,1485206019654074907,1485206034450573921
662,1485206019904752016,1485206034450630903
663,1485206020009815931,1485206034450686931
664,1485206020311623096,1485206034450741052
665,1485206020412921905,1485206034450794935
666,1485206020694633960,1485206034450848102
667,1485206021721251010,1485206035150202989
668,1485206022629193067,1485206035455595970
669,1485206022835140943,1485206036814307928
670,1485206023118911981,1485206036814424037
671,1485206023225045919,1485206036814482927
672,1485206023424580097,1485206036814538002
673,1485206023712502956,1485206036814596891
674,1485206023840507030,1485206036814651012
675,1485206024131340980,1485206040252994060
676,1485206024760427951,1485206040738786935
677,1485206024796528100,1485206043241645097
678,1485206024965826988,1485206043546236038
679,1485206025073508977,1485206043616379022
680,1485206025300400972,1485206043761717081
681,1485206025401753902,1485206044802202939
682,1485206025587186098,1485206044802292108
683,1485206025692573070,1485206044802347898
684,1485206025884350061,1485206044802402973
685,1485206025977528095,1485206044802458047
686,1485206026193082094,1485206044802511930
687,1485206026853821992,1485206044802565097
688,1485206027211880922,1485206045006551027
689,1485206027284377098,1485206045199533939
690,1485206027632158041,1485206046158951044
691,1485206027871198892,1485206046160051107
692,1485206028062462091,1485206046161972045
693,1485206029825445890,1485206046217871904
694,1485206029898849010,1485206046361428976
695,1485206029961333036,1485206046366374015
696,1485206030176017045,1485206046826139926
697,1485206030387557983,1485206046847963094
698,1485206030593790054,1485206046993452072
699,1485206031052155017,1485206047020615100
700,1485206031229054927,1485206047050179958
701,1485206031414768934,1485206047050687074
702,1485206031622817993,1485206047382781028
703,1485206031835867881,1485206047585123062
704,1485206032061786890,1485206048052119016
705,1485206032604512929,1485206048171065092
706,1485206033118647098,1485206049025863885
707,1485206033754590034,1485206049299560070
708,1485206034228415012,1485206049618362903
709,1485206034372868061,1485206049738871097
710,1485206034617855072,1485206050991508960
711,1485206034886043071,1485206051735089063
712,1485206035173122882,1485206052333906888
713,1485206035438544988,1485206053974212884
714,1485206035710068941,1485206055195805072
715,1485206035969979047,1485206056956435918
716,1485206037410017013,1485206058051340103
717,1485206037529881000,1485206058820545911
718,1485206037683052062,1485206059325782060
719,1485206037915540933,1485206060427546977
720,1485206038142677068,1485206060505664110
721,1485206038389380931,1485206060732358932
722,1485206038618480920,1485206061601475000
723,1485206038864099025,1485206061952830076
724,1485206039923896074,1485206062069998025
725,1485206040217036008,1485206062171247959
726,1485206040514636039,1485206062555824995
727,1485206040663285970,1485206063031104087
728,1485206040897861003,1485206064610364913
729,1485206041628684043,1485206064885827064
730,1485206042675647020,1485206065207757949
731,1485206043399175882,1485206065454273939
732,1485206043554512023,1485206067064304113
733,1485206043795751094,1485206072558093070
734,1485206044904032945,1485206072558247089
735,1485206045506717920,1485206072558306932
736,1485206045664407014,1485206073094646930
737,1485206046029290914,1485206073104793071
738,1485206046206727981,1485206073343493938
739,1485206047286432027,1485206073343631029
740,1485206047506779909,1485206073781956911
741,1485206048138820886,1485206073886197090
742,1485206048261904954,1485206073886297941
743,1485206048460257053,1485206073886353969
744,1485206049010108947,1485206074170177936
745,1485206049256133079,1485206075013637065
746,1485206049531100034,1485206075753573894
747,1485206050448332071,1485206077041877031
748,1485206050935358047,1485206077321552038
749,1485206051274004936,1485206077454148054
750,1485206051478568077,1485206079179524898
751,1485206051874515056,1485206079476623058
752,1485206052306529998,1485206079476721048
753,1485206052401076078,1485206079554971933
754,1485206053412108898,1485206079555068016
755,1485206053511693000,1485206079555124044
756,1485206053886986970,1485206079555373907
757,1485206054533819913,1485206079555430889
758,1485206055167414903,1485206079678689956
759,1485206055544305086,1485206080033107995
760,1485206055663542985,1485206080368354082
761,1485206056109755039,1485206080979352951
762,1485206056675805091,1485206081272578954
763,1485206057025661945,1485206081447242021
764,1485206057827406883,1485206081586112022
765,1485206058087610006,1485206081627557992
766,1485206058195463895,1485206081684988021
767,1485206058498579978,1485206081826605081
768,1485206059245609998,1485206082057460069
769,1485206060346633911,1485206082172605991
770,1485206061000005960,1485206082537641048
771,1485206062356021881,1485206083284708023
772,1485206062448359966,1485206084191303014
773,1485206062629309892,1485206084308398008
774,1485206063820841073,1485206084420169115
775,1485206064428838014,1485206084722611904
776,1485206065106357097,1485206085505593061
777,1485206065237008094,1485206085736329078
778,1485206066465647935,1485206086351711988
779,1485206066674396038,1485206086876919984
780,1485206068238838911,1485206087016807079
781,1485206068427763938,1485206089978682041
782,1485206069028840065,1485206090413455009
783,1485206070132600069,1485206091040904045
784,1485206070798278093,1485206092214287042
785,1485206071048002004,1485206092751159906
786,1485206071230379104,1485206092751290082
787,1485206072537859916,1485206092751351118
788,1485206072964518070,1485206092751405954
789,1485206073200174093,1485206092751462936
790,1485206074354227066,1485206092751517057
791,1485206074490040063,1485206093143444061
792,1485206074728466987,1485206094056616067
793,1485206074936743021,1485206094967894077
794,1485206075216753005,1485206096362189054
795,1485206075484709024,1485206097163295984
796,1485206076728822946,1485206099470246076
797,1485206077279911041,1485206099707753896
798,1485206078580425024,1485206099871771097
799,1485206078797496080,1485206100397356033
800,1485206078799137115,1485206100808768033
801,1485206079186238050,1485206100811135053
802,1485206079724735021,1485206100811486959
803,1485206080772653102,1485206100867675065
804,1485206080955394029,1485206100867747068
805,1485206080957281112,1485206100867810964
806,1485206081193346023,1485206100867871999
807,1485206081430650949,1485206100867929935
808,1485206081752013921,1485206102021684885
809,1485206082950027942,1485206102021874904
810,1485206083541754961,1485206102021981954
811,1485206083782701015,1485206102859071969
812,1485206084001938104,1485206102859193086
813,1485206084220043897,1485206102859253883
814,1485206085019617080,1485206102859309911
815,1485206086239690065,1485206102859369039
816,1485206086711165904,1485206102859424114
817,1485206087570352077,1485206102859479904
818,1485206088399538040,1485206102859534978
819,1485206088554008007,1485206102861941099
820,1485206089103188991,1485206103735481023
821,1485206089233561992,1485206103735654115
822,1485206089468399047,1485206103735714912
823,1485206089838805913,1485206103735774993
824,1485206089976052999,1485206103735830068
825,1485206090180341958,1485206104214380979
826,1485206090376512050,1485206104921937942
827,1485206090884392023,1485206105666743993
828,1485206091128870010,1485206107804867982
829,1485206091640793085,1485206108443841934
830,1485206092037118911,1485206108899454116
831,1485206092302347898,1485206109716042041
832,1485206092710045099,1485206110611172914
833,1485206092857669115,1485206110880458116
834,1485206093262096881,1485206114373986959
835,1485206093569116115,1485206114687856912
836,1485206094100023031,1485206115555771112
837,1485206094435005903,1485206116807646989
838,1485206094649817943,1485206117005876064
839,1485206095678402900,1485206117512162923
840,1485206096053077936,1485206118086457967
841,1485206096232971906,1485206118628545045
842,1485206096561909914,1485206131514533996
843,1485206096614147901,1485206131514645099
844,1485206096964870929,1485206132907496929
845,1485206097130134105,1485206132907593965
846,1485206097694346904,1485206133282923936
847,1485206097920726060,1485206133502005100
848,1485206098104762077,1485206133931576013
849,1485206099207868099,1485206135471858978
850,1485206099708342075,1485206138404328107
851,1485206100085911035,1485206138477121114
852,1485206100868657112,1485206138483715057
853,1485206100870022058,1485206138483885049
854,1485206100999129056,1485206138483964920
855,1485206102344101905,1485206138531207084
856,1485206103285392045,1485206138544514894
857,1485206104116933107,1485206138565479993
858,1485206104907099962,1485206138664316892
859,1485206106087815046,1485206138673610925
860,1485206106463911056,1485206138680305957
861,1485206106537913084,1485206138735836982
862,1485206106780200004,1485206138825598001
863,1485206106989748954,1485206138830039024
864,1485206107183796882,1485206138836874008
865,1485206107549788951,1485206138979696035
866,1485206107880655050,1485206138999814987
867,1485206108021970033,1485206139549977064
868,1485206108403084993,1485206139651441097
869,1485206109431463003,1485206139993833065
870,1485206109986116886,1485206140192028999
871,1485206110274312973,1485206140739095926
872,1485206110358999967,1485206141003360033
873,1485206111137135028,1485206141005636930
874,1485206111394890069,1485206141005739927
875,1485206112001713037,1485206141041151046
876,1485206112542565107,1485206141222183942
877,1485206112898911952,1485206141263874053
878,1485206113794138908,1485206141554055929
879,1485206113800434112,1485206141648010969
880,1485206114143848896,1485206142000210046
881,1485206114277757883,1485206142139770984
882,1485206114939498901,1485206144359568119
883,1485206115141628026,1485206144452514886
884,1485206115993815898,1485206144476867914
885,1485206116458250045,1485206145420703887
886,1485206116686579942,1485206147205859899
887,1485206116870073080,1485206147881944894
888,1485206117123742103,1485206148657743930
889,1485206117512768983,1485206150190578937
890,1485206117995429992,1485206151073263883
891,1485206119063018083,1485206152529212951
892,1485206119436065912,1485206153512557029
893,1485206119576421022,1485206155809703111
894,1485206119686424970,1485206156247351884
895,1485206120124464035,1485206161319367885
896,1485206120213299036,1485206161399724960
897,1485206120595925092,1485206161551898002
898,1485206120740840911,1485206161645042896
899,1485206121873053073,1485206161864984035
900,1485206122144531011,1485206161947778940
901,1485206122294275999,1485206174255620002
902,1485206122526849985,1485206174294836997
903,1485206122968136072,1485206174408822059
904,1485206123369726896,1485206176207274913
905,1485206124214981079,1485206179752494096
906,1485206124612622976,1485206179752631902
907,1485206124817040920,1485206179752690076
908,1485206125004602909,1485206179752743959
909,1485206125232484102,1485206180758891105
910,1485206125359318971,1485206181112519979
911,1485206125560734987,1485206181328180074
912,1485206125854862928,1485206182118707895
913,1485206126199595928,1485206182856364965
914,1485206127138092041,1485206183348462104
915,1485206127672014951,1485206184228518009
916,1485206127802362918,1485206184619824886
917,1485206128926502943,1485206185431236028
918,1485206129279755115,1485206185762902021
919,1485206129361545085,1485206186024259090
920,1485206129560684919,1485206186672610998
921,1485206129660559892,1485206186817620038
922,1485206129918757915,1485206186839246988
923,1485206130015957117,1485206187503473043
924,1485206130183537006,1485206187574997901
925,1485206130466059923,1485206187657043933
926,1485206130587743997,1485206188825136899
927,1485206130710206031,1485206189196657896
928,1485206131634907007,1485206190411940097
929,1485206131862943887,1485206190864660978
930,1485206132043256998,1485206191620790958
931,1485206132238430976,1485206191925793886
932,1485206133210279941,1485206192449043989
933,1485206133477663040,1485206192626128911
934,1485206133740623950,1485206242473089933
935,1485206133873161077,1485206242473239898
936,1485206134121043920,1485206242473304033
937,1485206134293607950,1485206242473361968
938,1485206134678858041,1485206242473419904
939,1485206134996076107,1485206242473484039
940,1485206135633394002,1485206242473540067
941,1485206136121958017,1485206242473597049
942,1485206136343318939,1485206242473651885
943,1485206136458678007,1485206242473707914
944,1485206136822803974,1485206242473763942
945,1485206137191548109,1485206242473820924
946,1485206137389741897,1485206242473875999
947,1485206137503312110,1485206242473932981
948,1485206137946044921,1485206242473989009
949,1485206138071074962,1485206242606215953
950,1485206138694653987,1485206242606450080
951,1485206139687186956,1485206242606523036
952,1485206139976649999,1485206242606583118
953,1485206140223545074,1485206242606640100
954,1485206140411221981,1485206242606697082
955,1485206140739669084,1485206242606754064
956,1485206141001957893,1485206242606812000
957,1485206141004165887,1485206242606868028
958,1485206141108776092,1485206242606925010
959,1485206141884656906,1485206242606981039
960,1485206142091387033,1485206242607038974
961,1485206142517091989,1485206242607094049
962,1485206142745091915,1485206242607150077
963,1485206143177633047,1485206242607206106
964,1485206143606646060,1485206242609414100
965,1485206143845071077,1485206242626784086
966,1485206144171334981,1485206242628072023
967,1485206144220489025,1485206242628318071
968,1485206144647212982,1485206242628391027
969,1485206144858575105,1485206242628448963
970,1485206145061547040,1485206242628509044
971,1485206145598498106,1485206242628566980
972,1485206145769085884,1485206242628633975
973,1485206145891936063,1485206242628694057
974,1485206146188229084,1485206242628752946
975,1485206146422102928,1485206242628809928
976,1485206146568434000,1485206242628866910
977,1485206146874731063,1485206242629084110
978,1485206147091855049,1485206242629149913
979,1485206148203527927,1485206242629498958
980,1485206148575037956,1485206243107316017
981,1485206148670692920,1485206243107673883
982,1485206148870080947,1485206243107772111
983,1485206149173288106,1485206243107839107
984,1485206149285583019,1485206243107908964
985,1485206149450123071,1485206243107969999
986,1485206149831284999,1485206243108455896
987,1485206150077545881,1485206243108597040
988,1485206150240289926,1485206243108661890
989,1485206150585763931,1485206243108720064
990,1485206150720187902,1485206243108778953
991,1485206150905638933,1485206243108839988
992,1485206152180257081,1485206243108902931
993,1485206152182121038,1485206243109074115
994,1485206152274404048,1485206243109169960
995,1485206152538918018,1485206243109230041
996,1485206152841801881,1485206243130616903
997,1485206153212585926,1485206243130780935
998,1485206153450182914,1485206243130847930
999,1485206153781358003,1485206243130907058
1000,1485206154080355882,1485206243130964994
1001,1485206154761307001,1485206243131021976
1002,1485206155274044990,1485206243131078958
1003,1485206155387722015,1485206243131134986
1004,1485206155616158962,1485206243131191968
1005,1485206155730179071,1485206243131247997
1006,1485206156033226013,1485206243131304025
1007,1485206156427285909,1485206243131360054
1008,1485206157336708068,1485206243131417036
1009,1485206157560400009,1485206243131474018
1010,1485206157737981081,1485206243131530046
1011,1485206194971831083,1485206243148999929
1012,1485206194973650932,1485206243149274110
1013,1485206194978872060,1485206243149430036
1014,1485206194984354019,1485206243149503946
1015,1485206194989022970,1485206243149565935
1016,1485206194993876934,1485206243149627923
1017,1485206195007786035,1485206243149691104
1018,1485206195009129047,1485206243149801015
1019,1485206195011145114,1485206243149863004
1020,1485206195013772964,1485206243149924993
1021,1485206195020435094,1485206243149986982
1022,1485206195029795885,1485206243150044918
1023,1485206195037234067,1485206243151051998
1024,1485206195061183929,1485206243151235103
1025,1485206195067235946,1485206243151510000
1026,1485206195117563962,1485206244441916942
1027,1485206195128077983,1485206244442596912
1028,1485206195133290052,1485206244442799091
1029,1485206195137727022,1485206244442866086
1030,1485206195142333030,1485206244442928075
1031,1485206195147366046,1485206244442989110
1032,1485206195153654098,1485206244447184085
1033,1485206195159184932,1485206244447290897
1034,1485206195162314891,1485206244447348117
1035,1485206195167376041,1485206244447402000
1036,1485206195172322034,1485206244447457075
1037,1485206195177316904,1485206244447510004
1038,1485206195199803113,1485206244449054002
1039,1485206195201848030,1485206244449146986
1040,1485206195210289001,1485206244449687957
1041,1485206195212225914,1485206247325129985
1042,1485206195249197959,1485206247326369047
1043,1485206195251193046,1485206247581665992
1044,1485206195256731986,1485206249219202041
1045,1485206195261746883,1485206250369324922
1046,1485206195266403913,1485206251374203920
1047,1485206195271786928,1485206251755739927
